08-Aug-2021 18:31:40.0          1,        2,        3,        1,        2,        3
08-Aug-2021 18:31:40.8          1,        2,        3,        1,        2,        3
08-Aug-2021 18:31:41.6          1,        2,        3,        1,        2,        3
08-Aug-2021 18:31:42.4          1,        2,        3,        1,        2,        3
08-Aug-2021 18:31:43.2          1,        2,        3,        1,        2,        3
08-Aug-2021 18:31:44.0          1,        2,        3,        1,        2,        3
08-Aug-2021 18:31:44.8          1,        2,        3,        1,        2,        3
08-Aug-2021 18:31:45.6          1,        2,        3,        1,        2,        3
08-Aug-2021 18:31:46.4          1,        2,        3,        1,        2,        3
08-Aug-2021 18:31:47.2          1,        2,        3,        1,        2,        3
08-Aug-2021 18:31:48.0          1,        2,        3,        1,        2,        3
08-Aug-2021 18:31:48.8          1,        2,        3,        1,        2,        3
08-Aug-2021 18:31:49.6          1,        2,        3,        1,        2,        3
08-Aug-2021 18:31:50.4          1,        2,        3,        1,        2,        3
08-Aug-2021 18:31:51.2          1,        2,        3,        1,        2,        3
08-Aug-2021 18:31:52.0          1,        2,        3,        1,        2,        3
08-Aug-2021 18:31:52.8          1,        2,        3,        1,        2,        3
08-Aug-2021 18:31:53.6          1,        2,        3,        1,        2,        3
08-Aug-2021 18:31:54.4          1,        2,        3,        1,        2,        3
08-Aug-2021 18:31:55.2          1,        2,        3,        1,        2,        3
08-Aug-2021 18:31:56.0          1,        2,        3,        1,        2,        3
08-Aug-2021 18:31:56.8          1,        2,        3,        1,        2,        3
08-Aug-2021 18:31:57.6          1,        2,        3,        1,        2,        3
08-Aug-2021 18:31:58.4          1,        2,        3,        1,        2,        3
08-Aug-2021 18:31:59.2          1,        2,        3,        1,        2,        3
08-Aug-2021 18:32:00.0          1,        2,        3,        1,        2,        3
08-Aug-2021 18:32:00.8          1,        2,        3,        1,        2,        3
08-Aug-2021 18:32:01.6          1,        2,        3,        1,        2,        3
08-Aug-2021 18:32:02.4          1,        2,        3,        1,        2,        3
08-Aug-2021 18:32:03.2          1,        2,        3,        1,        2,        3
08-Aug-2021 18:32:04.0          1,        2,        3,        1,        2,        3
08-Aug-2021 18:32:04.8          1,        2,        3,        1,        2,        3
08-Aug-2021 18:32:05.6          1,        2,        3,        1,        2,        3
08-Aug-2021 18:32:06.4          1,        2,        3,        1,        2,        3
08-Aug-2021 18:32:07.2          1,        2,        3,        1,        2,        3
08-Aug-2021 18:32:08.0          1,        2,        3,        1,        2,        3
08-Aug-2021 18:32:08.8          1,        2,        3,        1,        2,        3
08-Aug-2021 18:32:09.6          1,        2,        3,        1,        2,        3
08-Aug-2021 18:32:10.4          1,        2,        3,        1,        2,        3
08-Aug-2021 18:32:11.2          1,        2,        3,        1,        2,        3
08-Aug-2021 18:32:12.0          1,        2,        3,        1,        2,        3
08-Aug-2021 18:32:12.8          1,        2,        3,        1,        2,        3
08-Aug-2021 18:32:13.6          1,        2,        3,        1,        2,        3
08-Aug-2021 18:32:14.4          1,        2,        3,        1,        2,        3
08-Aug-2021 18:32:15.2          1,        2,        3,        1,        2,        3
08-Aug-2021 18:32:16.0          1,        2,        3,        1,        2,        3
08-Aug-2021 18:32:16.8          1,        2,        3,        1,        2,        3
08-Aug-2021 18:32:17.6          2,        3,        4,        2,        3,        4
08-Aug-2021 18:32:18.4          2,        3,        4,        2,        3,        4
08-Aug-2021 18:32:19.2          2,        3,        4,        2,        3,        4
08-Aug-2021 18:32:20.0          2,        3,        4,        2,        3,        4
08-Aug-2021 18:32:20.8          2,        3,        4,        2,        3,        4
08-Aug-2021 18:32:21.6          2,        3,        4,        2,        3,        4
08-Aug-2021 18:32:22.4          2,        3,        4,        2,        3,        4
08-Aug-2021 18:32:23.2          2,        3,        4,        2,        3,        4
08-Aug-2021 18:32:24.0          2,        3,        4,        2,        3,        4
08-Aug-2021 18:32:24.7          2,        3,        4,        2,        3,        4
08-Aug-2021 18:32:25.5          2,        3,        4,        2,        3,        4
08-Aug-2021 18:32:26.3          2,        3,        4,        2,        3,        4
08-Aug-2021 18:32:27.1          2,        3,        4,        2,        3,        4
08-Aug-2021 18:32:27.9          2,        3,        4,        2,        3,        4
08-Aug-2021 18:32:28.7          2,        3,        4,        2,        3,        4
08-Aug-2021 18:32:29.5          2,        3,        4,        2,        3,        4
08-Aug-2021 18:32:30.3          2,        3,        4,        2,        3,        4
08-Aug-2021 18:32:31.1          2,        3,        4,        2,        3,        4
08-Aug-2021 18:32:31.9          2,        3,        4,        2,        3,        4
08-Aug-2021 18:32:32.7          2,        3,        4,        2,        3,        4
08-Aug-2021 18:32:33.5          2,        3,        4,        2,        3,        4
08-Aug-2021 18:32:34.3          2,        3,        4,        2,        3,        4
08-Aug-2021 18:32:35.1          2,        3,        4,        2,        3,        4
08-Aug-2021 18:32:35.9          2,        3,        4,        2,        3,        4
08-Aug-2021 18:32:36.7          2,        3,        4,        2,        3,        4
08-Aug-2021 18:32:37.5          2,        3,        4,        2,        3,        4
08-Aug-2021 18:32:38.3          2,        3,        4,        2,        3,        4
08-Aug-2021 18:32:39.1          2,        3,        4,        2,        3,        4
08-Aug-2021 18:32:39.9          2,        3,        4,        2,        3,        4
08-Aug-2021 18:32:40.7          2,        3,        4,        2,        3,        4
08-Aug-2021 18:32:41.5          2,        3,        4,        2,        3,        4
08-Aug-2021 18:32:42.3          2,        3,        4,        2,        3,        4
08-Aug-2021 18:32:43.1          2,        3,        4,        2,        3,        4
08-Aug-2021 18:32:43.9          2,        3,        4,        2,        3,        4
08-Aug-2021 18:32:44.7          2,        3,        4,        2,        3,        4
08-Aug-2021 18:32:45.5          2,        3,        4,        2,        3,        4
08-Aug-2021 18:32:46.3          2,        3,        4,        2,        3,        4
08-Aug-2021 18:32:47.1          2,        3,        4,        2,        3,        4
08-Aug-2021 18:32:47.9          2,        3,        4,        2,        3,        4
08-Aug-2021 18:32:48.7          2,        3,        4,        2,        3,        4
08-Aug-2021 18:32:49.5          2,        3,        4,        2,        3,        4
08-Aug-2021 18:32:50.3          2,        3,        4,        2,        3,        4
08-Aug-2021 18:32:51.1          2,        3,        4,        2,        3,        4
08-Aug-2021 18:32:51.9          2,        3,        4,        2,        3,        4
08-Aug-2021 18:32:52.7          2,        3,        4,        2,        3,        4
08-Aug-2021 18:32:53.5          2,        3,        4,        2,        3,        4
08-Aug-2021 18:32:54.3          2,        3,        4,        2,        3,        4
08-Aug-2021 18:32:55.1          2,        3,        4,        2,        3,        4
08-Aug-2021 18:32:55.9          2,        3,        4,        2,        3,        4
08-Aug-2021 18:32:56.7          2,        3,        4,        2,        3,        4
08-Aug-2021 18:32:57.5          2,        3,        4,        2,        3,        4
08-Aug-2021 18:32:58.3          2,        3,        4,        2,        3,        4
08-Aug-2021 18:32:59.1          2,        3,        4,        2,        3,        4
08-Aug-2021 18:32:59.9          2,        3,        4,        2,        3,        4
08-Aug-2021 18:33:00.7          2,        3,        4,        2,        3,        4
08-Aug-2021 18:33:01.5          2,        3,        4,        2,        3,        4
08-Aug-2021 18:33:02.3          2,        3,        4,        2,        3,        4
08-Aug-2021 18:33:03.1          2,        3,        4,        2,        3,        4
08-Aug-2021 18:33:03.9          2,        3,        4,        2,        3,        4
08-Aug-2021 18:33:04.7          2,        3,        4,        2,        3,        4
08-Aug-2021 18:33:05.5          2,        3,        4,        2,        3,        4
08-Aug-2021 18:33:06.3          2,        3,        4,        2,        3,        4
08-Aug-2021 18:33:07.1          2,        3,        4,        2,        3,        4
08-Aug-2021 18:33:07.9          2,        3,        4,        2,        3,        4
08-Aug-2021 18:33:08.7          2,        3,        4,        2,        3,        4
08-Aug-2021 18:33:09.5          2,        3,        4,        2,        3,        4
08-Aug-2021 18:33:10.3          2,        3,        4,        2,        3,        4
08-Aug-2021 18:33:11.1          2,        3,        4,        2,        3,        4
08-Aug-2021 18:33:11.9          2,        3,        4,        2,        3,        4
08-Aug-2021 18:33:12.7          2,        3,        4,        2,        3,        4
08-Aug-2021 18:33:13.5          2,        3,        4,        2,        3,        4
08-Aug-2021 18:33:14.3          2,        3,        4,        2,        3,        4
08-Aug-2021 18:33:15.1          2,        3,        4,        2,        3,        4
08-Aug-2021 18:33:15.9          2,        3,        4,        2,        3,        4
08-Aug-2021 18:33:16.7          2,        3,        4,        2,        3,        4
08-Aug-2021 18:33:17.5          2,        3,        4,        2,        3,        4
08-Aug-2021 18:33:18.3          2,        3,        4,        2,        3,        4
08-Aug-2021 18:33:19.1          2,        3,        4,        2,        3,        4
08-Aug-2021 18:33:19.9          2,        3,        4,        2,        3,        4
08-Aug-2021 18:33:20.7          2,        3,        4,        2,        3,        4
08-Aug-2021 18:33:21.5          2,        3,        5,        2,        3,        5
08-Aug-2021 18:33:22.3          2,        3,        5,        2,        3,        5
08-Aug-2021 18:33:23.1          2,        3,        5,        2,        3,        5
08-Aug-2021 18:33:23.9          2,        3,        5,        2,        3,        5
08-Aug-2021 18:33:24.6          2,        3,        5,        2,        3,        5
08-Aug-2021 18:33:25.4          2,        3,        5,        2,        3,        5
08-Aug-2021 18:33:26.2          2,        3,        5,        2,        3,        5
08-Aug-2021 18:33:27.0          2,        4,        6,        2,        4,        6
08-Aug-2021 18:33:27.8          2,        4,        6,        2,        4,        6
08-Aug-2021 18:33:28.6          2,        4,        6,        2,        4,        6
08-Aug-2021 18:33:29.4          2,        4,        6,        2,        4,        6
08-Aug-2021 18:33:30.2          2,        4,        6,        2,        4,        6
08-Aug-2021 18:33:30.9        130,      198,      292,      137,      209,      292
08-Aug-2021 18:33:31.5        130,      198,      292,      137,      209,      292
08-Aug-2021 18:33:32.1        130,      198,      292,      137,      209,      292
08-Aug-2021 18:33:32.7        130,      198,      292,      137,      209,      292
08-Aug-2021 18:33:33.3        121,      184,      272,      128,      195,      272
08-Aug-2021 18:33:33.9        121,      184,      272,      128,      195,      272
08-Aug-2021 18:33:34.5        121,      184,      272,      128,      195,      272
08-Aug-2021 18:33:35.1        105,      160,      236,      111,      169,      236
08-Aug-2021 18:33:35.7        105,      160,      236,      111,      169,      236
08-Aug-2021 18:33:36.3        105,      160,      236,      111,      169,      236
08-Aug-2021 18:33:36.9         92,      140,      206,       97,      148,      206
08-Aug-2021 18:33:37.5         92,      140,      206,       97,      148,      206
08-Aug-2021 18:33:38.1         92,      140,      206,       97,      148,      206
08-Aug-2021 18:33:38.7         92,      140,      206,       97,      148,      206
08-Aug-2021 18:33:39.3         82,      124,      183,       86,      131,      183
08-Aug-2021 18:33:39.9         82,      124,      183,       86,      131,      183
08-Aug-2021 18:33:40.5         82,      124,      183,       86,      131,      183
08-Aug-2021 18:33:41.1         74,      112,      165,       78,      118,      165
08-Aug-2021 18:33:41.7         74,      112,      165,       78,      118,      165
08-Aug-2021 18:33:42.3         74,      112,      165,       78,      118,      165
08-Aug-2021 18:33:42.9         75,      114,      168,       79,      120,      168
08-Aug-2021 18:33:43.5         75,      114,      168,       79,      120,      168
08-Aug-2021 18:33:44.1         75,      114,      168,       79,      120,      168
08-Aug-2021 18:33:44.7         75,      114,      168,       79,      120,      168
08-Aug-2021 18:33:45.3         76,      116,      171,       80,      122,      171
08-Aug-2021 18:33:45.9         76,      116,      171,       80,      122,      171
08-Aug-2021 18:33:46.5         76,      116,      171,       80,      122,      171
08-Aug-2021 18:33:47.1         84,      128,      189,       89,      135,      189
08-Aug-2021 18:33:47.7         84,      128,      189,       89,      135,      189
08-Aug-2021 18:33:48.3         84,      128,      189,       89,      135,      189
08-Aug-2021 18:33:48.9        509,      774,      999,      529,      804,      999
08-Aug-2021 18:33:49.1        509,      774,      999,      529,      804,      999
08-Aug-2021 18:33:49.3        509,      774,      999,      529,      804,      999
08-Aug-2021 18:33:49.5        509,      774,      999,      529,      804,      999
08-Aug-2021 18:33:49.7        509,      774,      999,      529,      804,      999
08-Aug-2021 18:33:49.9        509,      774,      999,      529,      804,      999
08-Aug-2021 18:33:50.1        509,      774,      999,      529,      804,      999
08-Aug-2021 18:33:50.3        509,      774,      999,      529,      804,      999
08-Aug-2021 18:33:50.5        509,      774,      999,      529,      804,      999
08-Aug-2021 18:33:50.7        509,      774,      999,      529,      804,      999
08-Aug-2021 18:33:50.9        509,      774,      999,      529,      804,      999
08-Aug-2021 18:33:51.1        509,      774,      999,      529,      804,      999
08-Aug-2021 18:33:51.3        509,      774,      999,      529,      804,      999
08-Aug-2021 18:33:51.5        509,      774,      999,      529,      804,      999
08-Aug-2021 18:33:51.7        509,      774,      999,      529,      804,      999
08-Aug-2021 18:33:51.9        509,      774,      999,      529,      804,      999
08-Aug-2021 18:33:52.1        509,      774,      999,      529,      804,      999
08-Aug-2021 18:33:52.3        509,      774,      999,      529,      804,      999
08-Aug-2021 18:33:52.5        509,      774,      999,      529,      804,      999
08-Aug-2021 18:33:52.7        509,      774,      999,      529,      804,      999
08-Aug-2021 18:33:53.1        365,      554,      817,      379,      576,      817
08-Aug-2021 18:33:53.5        365,      554,      817,      379,      576,      817
08-Aug-2021 18:33:53.9        365,      554,      817,      379,      576,      817
08-Aug-2021 18:33:54.3        365,      554,      817,      379,      576,      817
08-Aug-2021 18:33:54.7        365,      554,      817,      379,      576,      817
08-Aug-2021 18:33:55.1        305,      464,      684,      317,      482,      684
08-Aug-2021 18:33:55.5        305,      464,      684,      317,      482,      684
08-Aug-2021 18:33:55.9        305,      464,      684,      317,      482,      684
08-Aug-2021 18:33:56.3        305,      464,      684,      317,      482,      684
08-Aug-2021 18:33:56.7        305,      464,      684,      317,      482,      684
08-Aug-2021 18:33:57.1        273,      414,      611,      283,      430,      611
08-Aug-2021 18:33:57.5        273,      414,      611,      283,      430,      611
08-Aug-2021 18:33:57.9        273,      414,      611,      283,      430,      611
08-Aug-2021 18:33:58.3        273,      414,      611,      283,      430,      611
08-Aug-2021 18:33:58.7        273,      414,      611,      283,      430,      611
08-Aug-2021 18:33:59.1        282,      429,      632,      293,      446,      632
08-Aug-2021 18:33:59.5        282,      429,      632,      293,      446,      632
08-Aug-2021 18:33:59.9        282,      429,      632,      293,      446,      632
08-Aug-2021 18:34:00.3        282,      429,      632,      293,      446,      632
08-Aug-2021 18:34:00.7        282,      429,      632,      293,      446,      632
08-Aug-2021 18:34:01.1        299,      455,      671,      310,      473,      671
08-Aug-2021 18:34:01.5        299,      455,      671,      310,      473,      671
08-Aug-2021 18:34:01.9        299,      455,      671,      310,      473,      671
08-Aug-2021 18:34:02.3        299,      455,      671,      310,      473,      671
08-Aug-2021 18:34:02.7        299,      455,      671,      310,      473,      671
08-Aug-2021 18:34:03.1        319,      485,      715,      331,      504,      715
08-Aug-2021 18:34:03.5        319,      485,      715,      331,      504,      715
08-Aug-2021 18:34:03.9        319,      485,      715,      331,      504,      715
08-Aug-2021 18:34:04.3        319,      485,      715,      331,      504,      715
08-Aug-2021 18:34:04.7        319,      485,      715,      331,      504,      715
08-Aug-2021 18:34:05.1        327,      497,      733,      340,      516,      733
08-Aug-2021 18:34:05.5        327,      497,      733,      340,      516,      733
08-Aug-2021 18:34:05.9        327,      497,      733,      340,      516,      733
08-Aug-2021 18:34:06.3        327,      497,      733,      340,      516,      733
08-Aug-2021 18:34:06.7        327,      497,      733,      340,      516,      733
08-Aug-2021 18:34:07.1        327,      497,      733,      340,      516,      733
08-Aug-2021 18:34:07.5        327,      497,      733,      340,      516,      733
08-Aug-2021 18:34:07.9        327,      497,      733,      340,      516,      733
08-Aug-2021 18:34:08.3        327,      497,      733,      340,      516,      733
08-Aug-2021 18:34:08.7        327,      497,      733,      340,      516,      733
08-Aug-2021 18:34:09.1        298,      454,      669,      309,      472,      669
08-Aug-2021 18:34:09.5        298,      454,      669,      309,      472,      669
08-Aug-2021 18:34:09.9        298,      454,      669,      309,      472,      669
08-Aug-2021 18:34:10.3        298,      454,      669,      309,      472,      669
08-Aug-2021 18:34:10.7        298,      454,      669,      309,      472,      669
08-Aug-2021 18:34:11.1        293,      445,      656,      304,      462,      656
08-Aug-2021 18:34:11.5        293,      445,      656,      304,      462,      656
08-Aug-2021 18:34:11.9        293,      445,      656,      304,      462,      656
08-Aug-2021 18:34:12.3        293,      445,      656,      304,      462,      656
08-Aug-2021 18:34:12.7        293,      445,      656,      304,      462,      656
08-Aug-2021 18:34:13.1        291,      442,      652,      302,      459,      652
08-Aug-2021 18:34:13.5        291,      442,      652,      302,      459,      652
08-Aug-2021 18:34:13.9        291,      442,      652,      302,      459,      652
08-Aug-2021 18:34:14.3        291,      442,      652,      302,      459,      652
08-Aug-2021 18:34:14.7        291,      442,      652,      302,      459,      652
08-Aug-2021 18:34:15.1        301,      457,      674,      313,      475,      674
08-Aug-2021 18:34:15.5        301,      457,      674,      313,      475,      674
08-Aug-2021 18:34:15.9        301,      457,      674,      313,      475,      674
08-Aug-2021 18:34:16.3        301,      457,      674,      313,      475,      674
08-Aug-2021 18:34:16.7        301,      457,      674,      313,      475,      674
08-Aug-2021 18:34:17.1        285,      433,      639,      296,      450,      639
08-Aug-2021 18:34:17.5        285,      433,      639,      296,      450,      639
08-Aug-2021 18:34:17.9        285,      433,      639,      296,      450,      639
08-Aug-2021 18:34:18.3        285,      433,      639,      296,      450,      639
08-Aug-2021 18:34:18.7        285,      433,      639,      296,      450,      639
08-Aug-2021 18:34:19.1        258,      392,      578,      268,      407,      578
08-Aug-2021 18:34:19.5        258,      392,      578,      268,      407,      578
08-Aug-2021 18:34:19.9        258,      392,      578,      268,      407,      578
08-Aug-2021 18:34:20.3        258,      392,      578,      268,      407,      578
08-Aug-2021 18:34:20.7        258,      392,      578,      268,      407,      578
08-Aug-2021 18:34:21.1        220,      334,      492,      228,      347,      492
08-Aug-2021 18:34:21.5        220,      334,      492,      228,      347,      492
08-Aug-2021 18:34:21.9        220,      334,      492,      228,      347,      492
08-Aug-2021 18:34:22.3        220,      334,      492,      228,      347,      492
08-Aug-2021 18:34:22.7        220,      334,      492,      228,      347,      492
08-Aug-2021 18:34:23.3        187,      284,      419,      198,      301,      419
08-Aug-2021 18:34:23.9        187,      284,      419,      198,      301,      419
08-Aug-2021 18:34:24.5        187,      284,      419,      198,      301,      419
08-Aug-2021 18:34:25.1        158,      240,      355,      167,      254,      355
08-Aug-2021 18:34:25.7        158,      240,      355,      167,      254,      355
08-Aug-2021 18:34:26.3        158,      240,      355,      167,      254,      355
08-Aug-2021 18:34:26.9        158,      240,      355,      167,      254,      355
08-Aug-2021 18:34:27.4        158,      240,      355,      167,      254,      355
08-Aug-2021 18:34:28.0        158,      240,      355,      167,      254,      355
08-Aug-2021 18:34:28.6        158,      240,      355,      167,      254,      355
08-Aug-2021 18:34:28.8        576,      875,      999,      599,      910,      999
08-Aug-2021 18:34:29.0        576,      875,      999,      599,      910,      999
08-Aug-2021 18:34:29.2        576,      875,      999,      599,      910,      999
08-Aug-2021 18:34:29.4        576,      875,      999,      599,      910,      999
08-Aug-2021 18:34:29.6        576,      875,      999,      599,      910,      999
08-Aug-2021 18:34:29.8        576,      875,      999,      599,      910,      999
08-Aug-2021 18:34:30.0        576,      875,      999,      599,      910,      999
08-Aug-2021 18:34:30.2        576,      875,      999,      599,      910,      999
08-Aug-2021 18:34:30.4        576,      875,      999,      599,      910,      999
08-Aug-2021 18:34:30.6        576,      875,      999,      599,      910,      999
08-Aug-2021 18:34:30.8        999,      999,      999,      999,      999,      999
08-Aug-2021 18:34:31.0        999,      999,      999,      999,      999,      999
08-Aug-2021 18:34:31.2        999,      999,      999,      999,      999,      999
08-Aug-2021 18:34:31.4        999,      999,      999,      999,      999,      999
08-Aug-2021 18:34:31.6        999,      999,      999,      999,      999,      999
08-Aug-2021 18:34:31.8        999,      999,      999,      999,      999,      999
08-Aug-2021 18:34:32.0        999,      999,      999,      999,      999,      999
08-Aug-2021 18:34:32.2        999,      999,      999,      999,      999,      999
08-Aug-2021 18:34:32.4        999,      999,      999,      999,      999,      999
08-Aug-2021 18:34:32.6        999,      999,      999,      999,      999,      999
08-Aug-2021 18:34:32.8        999,      999,      999,      999,      999,      999
08-Aug-2021 18:34:33.0        999,      999,      999,      999,      999,      999
08-Aug-2021 18:34:33.2        999,      999,      999,      999,      999,      999
08-Aug-2021 18:34:33.4        999,      999,      999,      999,      999,      999
08-Aug-2021 18:34:33.6        999,      999,      999,      999,      999,      999
08-Aug-2021 18:34:33.8        999,      999,      999,      999,      999,      999
08-Aug-2021 18:34:34.0        999,      999,      999,      999,      999,      999
08-Aug-2021 18:34:34.2        999,      999,      999,      999,      999,      999
08-Aug-2021 18:34:34.4        999,      999,      999,      999,      999,      999
08-Aug-2021 18:34:34.6        999,      999,      999,      999,      999,      999
08-Aug-2021 18:34:34.8        999,      999,      999,      999,      999,      999
08-Aug-2021 18:34:35.0        999,      999,      999,      999,      999,      999
08-Aug-2021 18:34:35.2        999,      999,      999,      999,      999,      999
08-Aug-2021 18:34:35.4        999,      999,      999,      999,      999,      999
08-Aug-2021 18:34:35.6        999,      999,      999,      999,      999,      999
08-Aug-2021 18:34:35.8        999,      999,      999,      999,      999,      999
08-Aug-2021 18:34:36.0        999,      999,      999,      999,      999,      999
08-Aug-2021 18:34:36.2        999,      999,      999,      999,      999,      999
08-Aug-2021 18:34:36.4        999,      999,      999,      999,      999,      999
08-Aug-2021 18:34:36.6        999,      999,      999,      999,      999,      999
08-Aug-2021 18:34:36.8        999,      999,      999,      999,      999,      999
08-Aug-2021 18:34:37.0        999,      999,      999,      999,      999,      999
08-Aug-2021 18:34:37.2        999,      999,      999,      999,      999,      999
08-Aug-2021 18:34:37.4        999,      999,      999,      999,      999,      999
08-Aug-2021 18:34:37.6        999,      999,      999,      999,      999,      999
08-Aug-2021 18:34:37.8        999,      999,      999,      999,      999,      999
08-Aug-2021 18:34:38.0        999,      999,      999,      999,      999,      999
08-Aug-2021 18:34:38.2        999,      999,      999,      999,      999,      999
08-Aug-2021 18:34:38.4        999,      999,      999,      999,      999,      999
08-Aug-2021 18:34:38.6        999,      999,      999,      999,      999,      999
08-Aug-2021 18:34:38.8        999,      999,      999,      999,      999,      999
08-Aug-2021 18:34:39.0        999,      999,      999,      999,      999,      999
08-Aug-2021 18:34:39.2        999,      999,      999,      999,      999,      999
08-Aug-2021 18:34:39.4        999,      999,      999,      999,      999,      999
08-Aug-2021 18:34:39.6        999,      999,      999,      999,      999,      999
08-Aug-2021 18:34:39.8        999,      999,      999,      999,      999,      999
08-Aug-2021 18:34:40.0        999,      999,      999,      999,      999,      999
08-Aug-2021 18:34:40.2        999,      999,      999,      999,      999,      999
08-Aug-2021 18:34:40.4        999,      999,      999,      999,      999,      999
08-Aug-2021 18:34:40.6        999,      999,      999,      999,      999,      999
08-Aug-2021 18:34:40.8        999,      999,      999,      999,      999,      999
08-Aug-2021 18:34:41.0        999,      999,      999,      999,      999,      999
08-Aug-2021 18:34:41.2        999,      999,      999,      999,      999,      999
08-Aug-2021 18:34:41.4        999,      999,      999,      999,      999,      999
08-Aug-2021 18:34:41.6        999,      999,      999,      999,      999,      999
08-Aug-2021 18:34:41.8        999,      999,      999,      999,      999,      999
08-Aug-2021 18:34:42.0        999,      999,      999,      999,      999,      999
08-Aug-2021 18:34:42.2        999,      999,      999,      999,      999,      999
08-Aug-2021 18:34:42.4        999,      999,      999,      999,      999,      999
08-Aug-2021 18:34:42.6        999,      999,      999,      999,      999,      999
08-Aug-2021 18:34:42.8        999,      999,      999,      999,      999,      999
08-Aug-2021 18:34:43.0        999,      999,      999,      999,      999,      999
08-Aug-2021 18:34:43.2        999,      999,      999,      999,      999,      999
08-Aug-2021 18:34:43.4        999,      999,      999,      999,      999,      999
08-Aug-2021 18:34:43.6        999,      999,      999,      999,      999,      999
08-Aug-2021 18:34:43.8        999,      999,      999,      999,      999,      999
08-Aug-2021 18:34:44.0        999,      999,      999,      999,      999,      999
08-Aug-2021 18:34:44.2        999,      999,      999,      999,      999,      999
08-Aug-2021 18:34:44.4        999,      999,      999,      999,      999,      999
08-Aug-2021 18:34:44.6        999,      999,      999,      999,      999,      999
08-Aug-2021 18:34:44.8        999,      999,      999,      999,      999,      999
08-Aug-2021 18:34:45.0        999,      999,      999,      999,      999,      999
08-Aug-2021 18:34:45.2        999,      999,      999,      999,      999,      999
08-Aug-2021 18:34:45.4        999,      999,      999,      999,      999,      999
08-Aug-2021 18:34:45.6        999,      999,      999,      999,      999,      999
08-Aug-2021 18:34:45.8        999,      999,      999,      999,      999,      999
08-Aug-2021 18:34:46.0        999,      999,      999,      999,      999,      999
08-Aug-2021 18:34:46.2        999,      999,      999,      999,      999,      999
08-Aug-2021 18:34:46.4        999,      999,      999,      999,      999,      999
08-Aug-2021 18:34:46.6        999,      999,      999,      999,      999,      999
08-Aug-2021 18:34:46.8        999,      999,      999,      999,      999,      999
08-Aug-2021 18:34:47.0        999,      999,      999,      999,      999,      999
08-Aug-2021 18:34:47.2        999,      999,      999,      999,      999,      999
08-Aug-2021 18:34:47.4        999,      999,      999,      999,      999,      999
08-Aug-2021 18:34:47.6        999,      999,      999,      999,      999,      999
08-Aug-2021 18:34:47.8        999,      999,      999,      999,      999,      999
08-Aug-2021 18:34:48.0        999,      999,      999,      999,      999,      999
08-Aug-2021 18:34:48.2        999,      999,      999,      999,      999,      999
08-Aug-2021 18:34:48.4        999,      999,      999,      999,      999,      999
08-Aug-2021 18:34:48.6        999,      999,      999,      999,      999,      999
08-Aug-2021 18:34:48.8        622,      945,      999,      646,      982,      999
08-Aug-2021 18:34:49.0        622,      945,      999,      646,      982,      999
08-Aug-2021 18:34:49.2        622,      945,      999,      646,      982,      999
08-Aug-2021 18:34:49.4        622,      945,      999,      646,      982,      999
08-Aug-2021 18:34:49.6        622,      945,      999,      646,      982,      999
08-Aug-2021 18:34:49.8        622,      945,      999,      646,      982,      999
08-Aug-2021 18:34:50.0        622,      945,      999,      646,      982,      999
08-Aug-2021 18:34:50.2        622,      945,      999,      646,      982,      999
08-Aug-2021 18:34:50.4        622,      945,      999,      646,      982,      999
08-Aug-2021 18:34:50.6        622,      945,      999,      646,      982,      999
08-Aug-2021 18:34:50.8        526,      800,      999,      547,      832,      999
08-Aug-2021 18:34:51.0        526,      800,      999,      547,      832,      999
08-Aug-2021 18:34:51.2        526,      800,      999,      547,      832,      999
08-Aug-2021 18:34:51.4        526,      800,      999,      547,      832,      999
08-Aug-2021 18:34:51.6        526,      800,      999,      547,      832,      999
08-Aug-2021 18:34:51.8        526,      800,      999,      547,      832,      999
08-Aug-2021 18:34:52.0        526,      800,      999,      547,      832,      999
08-Aug-2021 18:34:52.2        526,      800,      999,      547,      832,      999
08-Aug-2021 18:34:52.4        526,      800,      999,      547,      832,      999
08-Aug-2021 18:34:52.6        526,      800,      999,      547,      832,      999
08-Aug-2021 18:34:53.0        437,      664,      978,      454,      690,      978
08-Aug-2021 18:34:53.4        437,      664,      978,      454,      690,      978
08-Aug-2021 18:34:53.8        437,      664,      978,      454,      690,      978
08-Aug-2021 18:34:54.2        437,      664,      978,      454,      690,      978
08-Aug-2021 18:34:54.6        437,      664,      978,      454,      690,      978
08-Aug-2021 18:34:55.0        365,      555,      818,      379,      577,      818
08-Aug-2021 18:34:55.4        365,      555,      818,      379,      577,      818
08-Aug-2021 18:34:55.8        365,      555,      818,      379,      577,      818
08-Aug-2021 18:34:56.2        365,      555,      818,      379,      577,      818
08-Aug-2021 18:34:56.6        365,      555,      818,      379,      577,      818
08-Aug-2021 18:34:57.0        297,      452,      666,      308,      470,      666
08-Aug-2021 18:34:57.4        297,      452,      666,      308,      470,      666
08-Aug-2021 18:34:57.8        297,      452,      666,      308,      470,      666
08-Aug-2021 18:34:58.2        297,      452,      666,      308,      470,      666
08-Aug-2021 18:34:58.6        297,      452,      666,      308,      470,      666
08-Aug-2021 18:34:59.0        233,      354,      523,      242,      368,      523
08-Aug-2021 18:34:59.4        233,      354,      523,      242,      368,      523
08-Aug-2021 18:34:59.8        233,      354,      523,      242,      368,      523
08-Aug-2021 18:35:00.2        233,      354,      523,      242,      368,      523
08-Aug-2021 18:35:00.6        233,      354,      523,      242,      368,      523
08-Aug-2021 18:35:01.2        177,      269,      397,      187,      285,      397
08-Aug-2021 18:35:01.8        177,      269,      397,      187,      285,      397
08-Aug-2021 18:35:02.4        177,      269,      397,      187,      285,      397
08-Aug-2021 18:35:03.0        136,      207,      305,      144,      219,      305
08-Aug-2021 18:35:03.6        136,      207,      305,      144,      219,      305
08-Aug-2021 18:35:04.2        136,      207,      305,      144,      219,      305
08-Aug-2021 18:35:04.8         99,      150,      222,      104,      159,      222
08-Aug-2021 18:35:05.4         99,      150,      222,      104,      159,      222
08-Aug-2021 18:35:06.0         99,      150,      222,      104,      159,      222
08-Aug-2021 18:35:06.6         99,      150,      222,      104,      159,      222
08-Aug-2021 18:35:07.2         73,      111,      164,       77,      117,      164
08-Aug-2021 18:35:07.8         73,      111,      164,       77,      117,      164
08-Aug-2021 18:35:08.4         73,      111,      164,       77,      117,      164
08-Aug-2021 18:35:08.9        999,      999,      999,      999,      999,      999
08-Aug-2021 18:35:09.1        999,      999,      999,      999,      999,      999
08-Aug-2021 18:35:09.3        999,      999,      999,      999,      999,      999
08-Aug-2021 18:35:09.5        999,      999,      999,      999,      999,      999
08-Aug-2021 18:35:09.7        999,      999,      999,      999,      999,      999
08-Aug-2021 18:35:09.9        999,      999,      999,      999,      999,      999
08-Aug-2021 18:35:10.1        999,      999,      999,      999,      999,      999
08-Aug-2021 18:35:10.3        999,      999,      999,      999,      999,      999
08-Aug-2021 18:35:10.5        999,      999,      999,      999,      999,      999
08-Aug-2021 18:35:10.7        999,      999,      999,      999,      999,      999
08-Aug-2021 18:35:10.9        999,      999,      999,      999,      999,      999
08-Aug-2021 18:35:11.1        999,      999,      999,      999,      999,      999
08-Aug-2021 18:35:11.3        999,      999,      999,      999,      999,      999
08-Aug-2021 18:35:11.5        999,      999,      999,      999,      999,      999
08-Aug-2021 18:35:11.7        999,      999,      999,      999,      999,      999
08-Aug-2021 18:35:11.9        999,      999,      999,      999,      999,      999
08-Aug-2021 18:35:12.1        999,      999,      999,      999,      999,      999
08-Aug-2021 18:35:12.3        999,      999,      999,      999,      999,      999
08-Aug-2021 18:35:12.5        999,      999,      999,      999,      999,      999
08-Aug-2021 18:35:12.7        999,      999,      999,      999,      999,      999
08-Aug-2021 18:35:12.9        999,      999,      999,      999,      999,      999
08-Aug-2021 18:35:13.1        999,      999,      999,      999,      999,      999
08-Aug-2021 18:35:13.3        999,      999,      999,      999,      999,      999
08-Aug-2021 18:35:13.5        999,      999,      999,      999,      999,      999
08-Aug-2021 18:35:13.7        999,      999,      999,      999,      999,      999
08-Aug-2021 18:35:13.9        999,      999,      999,      999,      999,      999
08-Aug-2021 18:35:14.1        999,      999,      999,      999,      999,      999
08-Aug-2021 18:35:14.3        999,      999,      999,      999,      999,      999
08-Aug-2021 18:35:14.5        999,      999,      999,      999,      999,      999
08-Aug-2021 18:35:14.7        999,      999,      999,      999,      999,      999
08-Aug-2021 18:35:14.9        999,      999,      999,      999,      999,      999
08-Aug-2021 18:35:15.1        999,      999,      999,      999,      999,      999
08-Aug-2021 18:35:15.3        999,      999,      999,      999,      999,      999
08-Aug-2021 18:35:15.5        999,      999,      999,      999,      999,      999
08-Aug-2021 18:35:15.7        999,      999,      999,      999,      999,      999
08-Aug-2021 18:35:15.9        999,      999,      999,      999,      999,      999
08-Aug-2021 18:35:16.1        999,      999,      999,      999,      999,      999
08-Aug-2021 18:35:16.3        999,      999,      999,      999,      999,      999
08-Aug-2021 18:35:16.5        999,      999,      999,      999,      999,      999
08-Aug-2021 18:35:16.7        999,      999,      999,      999,      999,      999
08-Aug-2021 18:35:16.9        999,      999,      999,      999,      999,      999
08-Aug-2021 18:35:17.1        999,      999,      999,      999,      999,      999
08-Aug-2021 18:35:17.3        999,      999,      999,      999,      999,      999
08-Aug-2021 18:35:17.5        999,      999,      999,      999,      999,      999
08-Aug-2021 18:35:17.7        999,      999,      999,      999,      999,      999
08-Aug-2021 18:35:17.9        999,      999,      999,      999,      999,      999
08-Aug-2021 18:35:18.1        999,      999,      999,      999,      999,      999
08-Aug-2021 18:35:18.3        999,      999,      999,      999,      999,      999
08-Aug-2021 18:35:18.5        999,      999,      999,      999,      999,      999
08-Aug-2021 18:35:18.7        999,      999,      999,      999,      999,      999
08-Aug-2021 18:35:18.9        999,      999,      999,      999,      999,      999
08-Aug-2021 18:35:19.1        999,      999,      999,      999,      999,      999
08-Aug-2021 18:35:19.3        999,      999,      999,      999,      999,      999
08-Aug-2021 18:35:19.5        999,      999,      999,      999,      999,      999
08-Aug-2021 18:35:19.7        999,      999,      999,      999,      999,      999
08-Aug-2021 18:35:19.9        999,      999,      999,      999,      999,      999
08-Aug-2021 18:35:20.1        999,      999,      999,      999,      999,      999
08-Aug-2021 18:35:20.3        999,      999,      999,      999,      999,      999
08-Aug-2021 18:35:20.5        999,      999,      999,      999,      999,      999
08-Aug-2021 18:35:20.7        999,      999,      999,      999,      999,      999
08-Aug-2021 18:35:20.9        999,      999,      999,      999,      999,      999
08-Aug-2021 18:35:21.1        999,      999,      999,      999,      999,      999
08-Aug-2021 18:35:21.3        999,      999,      999,      999,      999,      999
08-Aug-2021 18:35:21.5        999,      999,      999,      999,      999,      999
08-Aug-2021 18:35:21.7        999,      999,      999,      999,      999,      999
08-Aug-2021 18:35:21.9        999,      999,      999,      999,      999,      999
08-Aug-2021 18:35:22.1        999,      999,      999,      999,      999,      999
08-Aug-2021 18:35:22.3        999,      999,      999,      999,      999,      999
08-Aug-2021 18:35:22.5        999,      999,      999,      999,      999,      999
08-Aug-2021 18:35:22.7        999,      999,      999,      999,      999,      999
08-Aug-2021 18:35:22.9        999,      999,      999,      999,      999,      999
08-Aug-2021 18:35:23.1        999,      999,      999,      999,      999,      999
08-Aug-2021 18:35:23.3        999,      999,      999,      999,      999,      999
08-Aug-2021 18:35:23.5        999,      999,      999,      999,      999,      999
08-Aug-2021 18:35:23.7        999,      999,      999,      999,      999,      999
08-Aug-2021 18:35:23.9        999,      999,      999,      999,      999,      999
08-Aug-2021 18:35:24.1        999,      999,      999,      999,      999,      999
08-Aug-2021 18:35:24.3        999,      999,      999,      999,      999,      999
08-Aug-2021 18:35:24.5        999,      999,      999,      999,      999,      999
08-Aug-2021 18:35:24.7        999,      999,      999,      999,      999,      999
08-Aug-2021 18:35:24.9        677,      999,      999,      704,      999,      999
08-Aug-2021 18:35:25.1        677,      999,      999,      704,      999,      999
08-Aug-2021 18:35:25.3        677,      999,      999,      704,      999,      999
08-Aug-2021 18:35:25.5        677,      999,      999,      704,      999,      999
08-Aug-2021 18:35:25.7        677,      999,      999,      704,      999,      999
08-Aug-2021 18:35:25.9        677,      999,      999,      704,      999,      999
08-Aug-2021 18:35:26.1        677,      999,      999,      704,      999,      999
08-Aug-2021 18:35:26.3        677,      999,      999,      704,      999,      999
08-Aug-2021 18:35:26.5        677,      999,      999,      704,      999,      999
08-Aug-2021 18:35:26.7        677,      999,      999,      704,      999,      999
08-Aug-2021 18:35:26.9        611,      929,      999,      635,      966,      999
08-Aug-2021 18:35:27.1        611,      929,      999,      635,      966,      999
08-Aug-2021 18:35:27.3        611,      929,      999,      635,      966,      999
08-Aug-2021 18:35:27.5        611,      929,      999,      635,      966,      999
08-Aug-2021 18:35:27.7        611,      929,      999,      635,      966,      999
08-Aug-2021 18:35:27.9        611,      929,      999,      635,      966,      999
08-Aug-2021 18:35:28.1        611,      929,      999,      635,      966,      999
08-Aug-2021 18:35:28.3        611,      929,      999,      635,      966,      999
08-Aug-2021 18:35:28.5        611,      929,      999,      635,      966,      999
08-Aug-2021 18:35:28.7        611,      929,      999,      635,      966,      999
08-Aug-2021 18:35:29.0        460,      699,      999,      478,      726,      999
08-Aug-2021 18:35:29.4        460,      699,      999,      478,      726,      999
08-Aug-2021 18:35:29.8        460,      699,      999,      478,      726,      999
08-Aug-2021 18:35:30.2        460,      699,      999,      478,      726,      999
08-Aug-2021 18:35:30.6        460,      699,      999,      478,      726,      999
08-Aug-2021 18:35:31.0        356,      541,      798,      370,      562,      798
08-Aug-2021 18:35:31.4        356,      541,      798,      370,      562,      798
08-Aug-2021 18:35:31.8        356,      541,      798,      370,      562,      798
08-Aug-2021 18:35:32.2        356,      541,      798,      370,      562,      798
08-Aug-2021 18:35:32.6        356,      541,      798,      370,      562,      798
08-Aug-2021 18:35:33.0        283,      430,      635,      294,      447,      635
08-Aug-2021 18:35:33.4        283,      430,      635,      294,      447,      635
08-Aug-2021 18:35:33.8        283,      430,      635,      294,      447,      635
08-Aug-2021 18:35:34.2        283,      430,      635,      294,      447,      635
08-Aug-2021 18:35:34.6        283,      430,      635,      294,      447,      635
08-Aug-2021 18:35:35.0        231,      351,      518,      240,      365,      518
08-Aug-2021 18:35:35.4        231,      351,      518,      240,      365,      518
08-Aug-2021 18:35:35.8        231,      351,      518,      240,      365,      518
08-Aug-2021 18:35:36.2        231,      351,      518,      240,      365,      518
08-Aug-2021 18:35:36.6        231,      351,      518,      240,      365,      518
08-Aug-2021 18:35:37.2        193,      294,      434,      204,      311,      434
08-Aug-2021 18:35:37.8        193,      294,      434,      204,      311,      434
08-Aug-2021 18:35:38.4        193,      294,      434,      204,      311,      434
08-Aug-2021 18:35:39.0        168,      256,      377,      178,      271,      377
08-Aug-2021 18:35:39.6        168,      256,      377,      178,      271,      377
08-Aug-2021 18:35:40.2        168,      256,      377,      178,      271,      377
08-Aug-2021 18:35:40.8        149,      227,      335,      157,      240,      335
08-Aug-2021 18:35:41.4        149,      227,      335,      157,      240,      335
08-Aug-2021 18:35:42.0        149,      227,      335,      157,      240,      335
08-Aug-2021 18:35:42.6        149,      227,      335,      157,      240,      335
08-Aug-2021 18:35:43.2        124,      189,      279,      131,      200,      279
08-Aug-2021 18:35:43.8        124,      189,      279,      131,      200,      279
08-Aug-2021 18:35:44.4        124,      189,      279,      131,      200,      279
08-Aug-2021 18:35:45.0        100,      152,      225,      106,      161,      225
08-Aug-2021 18:35:45.6        100,      152,      225,      106,      161,      225
08-Aug-2021 18:35:46.2        100,      152,      225,      106,      161,      225
08-Aug-2021 18:35:46.8         77,      117,      173,       81,      124,      173
08-Aug-2021 18:35:47.4         77,      117,      173,       81,      124,      173
08-Aug-2021 18:35:48.0         77,      117,      173,       81,      124,      173
08-Aug-2021 18:35:48.6         77,      117,      173,       81,      124,      173
08-Aug-2021 18:35:49.4         61,       93,      137,       65,      100,      137
08-Aug-2021 18:35:50.2         61,       93,      137,       65,      100,      137
08-Aug-2021 18:35:51.0         51,       77,      114,       55,       83,      114
08-Aug-2021 18:35:51.8         51,       77,      114,       55,       83,      114
08-Aug-2021 18:35:52.6         51,       77,      114,       55,       83,      114
08-Aug-2021 18:35:53.4         43,       66,       98,       46,       71,       98
08-Aug-2021 18:35:54.2         43,       66,       98,       46,       71,       98
08-Aug-2021 18:35:55.0         38,       58,       86,       41,       62,       86
08-Aug-2021 18:35:55.8         38,       58,       86,       41,       62,       86
08-Aug-2021 18:35:56.6         38,       58,       86,       41,       62,       86
08-Aug-2021 18:35:57.4         34,       52,       77,       36,       56,       77
08-Aug-2021 18:35:58.2         34,       52,       77,       36,       56,       77
08-Aug-2021 18:35:59.0         29,       45,       66,       31,       48,       66
08-Aug-2021 18:35:59.8         29,       45,       66,       31,       48,       66
08-Aug-2021 18:36:00.6         29,       45,       66,       31,       48,       66
08-Aug-2021 18:36:01.4         25,       38,       57,       27,       41,       57
08-Aug-2021 18:36:02.2         25,       38,       57,       27,       41,       57
08-Aug-2021 18:36:03.0         23,       36,       53,       24,       38,       53
08-Aug-2021 18:36:03.8         23,       36,       53,       24,       38,       53
08-Aug-2021 18:36:04.6         23,       36,       53,       24,       38,       53
08-Aug-2021 18:36:05.4         23,       35,       52,       24,       37,       52
08-Aug-2021 18:36:06.2         23,       35,       52,       24,       37,       52
08-Aug-2021 18:36:07.0         22,       34,       50,       23,       36,       50
08-Aug-2021 18:36:07.8         22,       34,       50,       23,       36,       50
08-Aug-2021 18:36:08.6         22,       34,       50,       23,       36,       50
08-Aug-2021 18:36:09.4         22,       34,       50,       23,       36,       50
08-Aug-2021 18:36:10.2         22,       34,       50,       23,       36,       50
08-Aug-2021 18:36:11.0         21,       33,       48,       22,       35,       48
08-Aug-2021 18:36:11.8         21,       33,       48,       22,       35,       48
08-Aug-2021 18:36:12.6         21,       33,       48,       22,       35,       48
08-Aug-2021 18:36:13.4         20,       30,       45,       21,       32,       45
08-Aug-2021 18:36:14.2         20,       30,       45,       21,       32,       45
08-Aug-2021 18:36:15.0         18,       27,       40,       19,       29,       40
08-Aug-2021 18:36:15.8         18,       27,       40,       19,       29,       40
08-Aug-2021 18:36:16.6         18,       27,       40,       19,       29,       40
08-Aug-2021 18:36:17.4         16,       24,       35,       17,       25,       35
08-Aug-2021 18:36:18.2         16,       24,       35,       17,       25,       35
08-Aug-2021 18:36:19.0         14,       22,       32,       15,       23,       32
08-Aug-2021 18:36:19.8         14,       22,       32,       15,       23,       32
08-Aug-2021 18:36:20.6         14,       22,       32,       15,       23,       32
08-Aug-2021 18:36:21.4         12,       19,       28,       12,       19,       28
08-Aug-2021 18:36:22.2         12,       19,       28,       12,       19,       28
08-Aug-2021 18:36:23.0         11,       17,       25,       11,       17,       25
08-Aug-2021 18:36:23.8         11,       17,       25,       11,       17,       25
08-Aug-2021 18:36:24.6         11,       17,       25,       11,       17,       25
08-Aug-2021 18:36:25.4          9,       14,       21,        9,       14,       21
08-Aug-2021 18:36:26.2          9,       14,       21,        9,       14,       21
08-Aug-2021 18:36:27.0          8,       13,       19,        8,       13,       19
08-Aug-2021 18:36:27.8          8,       13,       19,        8,       13,       19
08-Aug-2021 18:36:28.6          8,       13,       19,        8,       13,       19
08-Aug-2021 18:36:29.4          7,       11,       17,        7,       11,       17
08-Aug-2021 18:36:30.2          7,       11,       17,        7,       11,       17
08-Aug-2021 18:36:30.9          7,       10,       15,        7,       10,       15
08-Aug-2021 18:36:31.7          7,       10,       15,        7,       10,       15
08-Aug-2021 18:36:32.5          7,       10,       15,        7,       10,       15
08-Aug-2021 18:36:33.3          6,       10,       15,        6,       10,       15
08-Aug-2021 18:36:34.1          6,       10,       15,        6,       10,       15
08-Aug-2021 18:36:34.9          6,       10,       15,        6,       10,       15
08-Aug-2021 18:36:35.7          6,       10,       15,        6,       10,       15
08-Aug-2021 18:36:36.5          6,       10,       15,        6,       10,       15
08-Aug-2021 18:36:37.3          6,        9,       14,        6,        9,       14
08-Aug-2021 18:36:38.1          6,        9,       14,        6,        9,       14
08-Aug-2021 18:36:38.9          6,        9,       14,        6,        9,       14
08-Aug-2021 18:36:39.7          6,        9,       14,        6,        9,       14
08-Aug-2021 18:36:40.5          6,        9,       14,        6,        9,       14
08-Aug-2021 18:36:41.3          5,        8,       12,        5,        8,       12
08-Aug-2021 18:36:42.1          5,        8,       12,        5,        8,       12
08-Aug-2021 18:36:42.9          5,        8,       12,        5,        8,       12
08-Aug-2021 18:36:43.7          5,        8,       12,        5,        8,       12
08-Aug-2021 18:36:44.5          5,        8,       12,        5,        8,       12
08-Aug-2021 18:36:45.3          5,        7,       11,        5,        7,       11
08-Aug-2021 18:36:46.1          5,        7,       11,        5,        7,       11
08-Aug-2021 18:36:46.9          4,        7,       10,        4,        7,       10
08-Aug-2021 18:36:47.7          4,        7,       10,        4,        7,       10
08-Aug-2021 18:36:48.5          4,        7,       10,        4,        7,       10
08-Aug-2021 18:36:49.3          4,        6,        9,        4,        6,        9
08-Aug-2021 18:36:50.1          4,        6,        9,        4,        6,        9
08-Aug-2021 18:36:50.9          4,        6,        8,        4,        6,        8
08-Aug-2021 18:36:51.7          4,        6,        8,        4,        6,        8
08-Aug-2021 18:36:52.5          4,        6,        8,        4,        6,        8
08-Aug-2021 18:36:53.3          3,        5,        7,        3,        5,        7
08-Aug-2021 18:36:54.1          3,        5,        7,        3,        5,        7
08-Aug-2021 18:36:54.9          3,        5,        7,        3,        5,        7
08-Aug-2021 18:36:55.7          3,        5,        7,        3,        5,        7
08-Aug-2021 18:36:56.5          3,        5,        7,        3,        5,        7
08-Aug-2021 18:36:57.3          3,        4,        7,        3,        4,        7
08-Aug-2021 18:36:58.1          3,        4,        7,        3,        4,        7
08-Aug-2021 18:36:58.9          3,        4,        6,        3,        4,        6
08-Aug-2021 18:36:59.7          3,        4,        6,        3,        4,        6
08-Aug-2021 18:37:00.5          3,        4,        6,        3,        4,        6
08-Aug-2021 18:37:01.3          3,        4,        6,        3,        4,        6
08-Aug-2021 18:37:02.1          3,        4,        6,        3,        4,        6
08-Aug-2021 18:37:02.9          3,        4,        6,        3,        4,        6
08-Aug-2021 18:37:03.7          3,        4,        6,        3,        4,        6
08-Aug-2021 18:37:04.5          3,        4,        6,        3,        4,        6
08-Aug-2021 18:37:05.3          3,        4,        6,        3,        4,        6
08-Aug-2021 18:37:06.1          3,        4,        6,        3,        4,        6
08-Aug-2021 18:37:06.9          3,        4,        6,        3,        4,        6
08-Aug-2021 18:37:07.7          3,        4,        6,        3,        4,        6
08-Aug-2021 18:37:08.5          3,        4,        6,        3,        4,        6
08-Aug-2021 18:37:09.3          3,        4,        6,        3,        4,        6
08-Aug-2021 18:37:10.1          3,        4,        6,        3,        4,        6
08-Aug-2021 18:37:10.9          3,        4,        6,        3,        4,        6
08-Aug-2021 18:37:11.7          3,        4,        6,        3,        4,        6
08-Aug-2021 18:37:12.5          3,        4,        6,        3,        4,        6
08-Aug-2021 18:37:13.3          3,        4,        6,        3,        4,        6
08-Aug-2021 18:37:14.1          3,        4,        6,        3,        4,        6
08-Aug-2021 18:37:14.9          2,        4,        6,        2,        4,        6
08-Aug-2021 18:37:15.7          2,        4,        6,        2,        4,        6
08-Aug-2021 18:37:16.5          2,        4,        6,        2,        4,        6
08-Aug-2021 18:37:17.3          2,        4,        6,        2,        4,        6
08-Aug-2021 18:37:18.1          2,        4,        6,        2,        4,        6
08-Aug-2021 18:37:18.9          2,        3,        5,        2,        3,        5
08-Aug-2021 18:37:19.7          2,        3,        5,        2,        3,        5
08-Aug-2021 18:37:20.5          2,        3,        5,        2,        3,        5
08-Aug-2021 18:37:21.3          2,        3,        5,        2,        3,        5
08-Aug-2021 18:37:22.1          2,        3,        5,        2,        3,        5
08-Aug-2021 18:37:22.9          2,        3,        5,        2,        3,        5
08-Aug-2021 18:37:23.7          2,        3,        5,        2,        3,        5
08-Aug-2021 18:37:24.5          2,        3,        5,        2,        3,        5
08-Aug-2021 18:37:25.3          2,        3,        5,        2,        3,        5
08-Aug-2021 18:37:26.1          2,        3,        5,        2,        3,        5
08-Aug-2021 18:37:26.9          2,        3,        4,        2,        3,        4
08-Aug-2021 18:37:27.7          2,        3,        4,        2,        3,        4
08-Aug-2021 18:37:28.5          2,        3,        4,        2,        3,        4
08-Aug-2021 18:37:29.3          2,        3,        4,        2,        3,        4
08-Aug-2021 18:37:30.0          2,        3,        4,        2,        3,        4
08-Aug-2021 18:37:30.8          2,        3,        4,        2,        3,        4
08-Aug-2021 18:37:31.6          2,        3,        4,        2,        3,        4
08-Aug-2021 18:37:32.4          2,        3,        4,        2,        3,        4
08-Aug-2021 18:37:33.2          2,        3,        4,        2,        3,        4
08-Aug-2021 18:37:34.0          2,        3,        4,        2,        3,        4
08-Aug-2021 18:37:34.8          2,        3,        4,        2,        3,        4
08-Aug-2021 18:37:35.6          2,        3,        4,        2,        3,        4
08-Aug-2021 18:37:36.4          2,        3,        4,        2,        3,        4
